360 570
367 661
376 748
389 835
418 916
467 989
529 1054
598 1105
682 1119
769 1099
839 1045
907 979
965 906
997 829
1008 740
1009 653
1013 568
433 537
471 491
527 470
587 470
647 484
740 484
798 465
860 463
917 484
951 530
692 540
691 597
690 654
689 713
605 742
645 751
689 762
732 749
774 739
502 561
537 543
573 540
610 560
573 563
538 565
779 556
816 535
852 537
887 556
851 561
815 559
525 842
576 821
639 813
690 820
737 811
799 814
850 832
801 900
740 934
690 942
638 937
576 907
539 845
640 834
690 839
737 832
835 837
738 894
690 902
639 896
