328 664
338 729
350 794
367 857
396 915
436 965
483 1007
529 1045
584 1053
643 1037
706 997
772 952
826 897
861 831
871 759
871 684
871 604
348 619
367 584
406 567
449 564
492 575
574 569
619 547
670 542
719 549
760 573
536 628
538 675
540 723
541 771
504 795
527 803
552 809
579 798
605 788
404 645
427 628
458 624
486 643
460 650
429 653
619 631
644 609
674 607
702 621
677 632
647 634
477 866
503 851
531 846
561 850
591 843
628 843
668 852
631 893
595 912
563 916
530 914
503 900
490 865
532 856
562 859
593 854
654 853
592 887
561 893
530 889
