394 581
402 650
414 720
430 788
460 849
506 900
561 943
618 980
683 990
750 976
807 931
855 880
892 821
909 750
912 676
910 609
906 540
433 533
454 490
497 468
547 464
598 473
681 465
727 447
777 442
822 457
850 494
638 516
640 562
642 608
643 656
594 682
621 693
653 702
685 688
713 674
496 543
518 525
548 522
577 537
548 544
519 547
706 526
730 504
760 502
786 517
763 523
733 526
556 775
595 762
630 754
663 756
693 750
737 751
781 757
743 794
703 808
670 813
637 811
599 801
572 775
632 768
664 768
695 763
766 760
698 782
667 786
634 785
