395 558
404 619
412 679
419 739
434 799
468 849
518 891
579 921
651 926
725 910
793 874
850 829
889 772
904 705
906 635
905 568
904 500
427 505
444 461
484 435
533 429
578 444
652 438
695 416
744 414
790 429
823 460
619 485
621 528
624 571
627 615
586 648
609 655
634 661
661 648
686 635
490 514
514 495
542 491
569 506
544 512
517 515
688 494
715 472
742 467
768 483
745 488
718 492
531 732
568 718
609 711
642 713
677 704
723 700
767 709
729 755
685 775
649 781
614 782
570 771
541 732
611 724
644 724
679 717
758 712
681 754
646 761
612 761
