274 504
270 569
270 637
272 703
282 772
307 832
348 883
399 920
467 933
546 928
624 905
694 867
749 816
785 753
803 680
813 611
824 538
296 468
319 434
361 426
408 432
453 446
509 453
565 439
623 433
678 446
717 480
472 491
463 529
454 567
445 609
407 647
430 655
456 663
487 655
521 650
338 496
362 477
394 477
423 503
392 506
360 506
563 507
594 480
627 480
659 499
629 509
596 510
372 748
400 726
435 716
461 721
493 713
543 725
597 749
542 772
493 779
460 782
431 780
399 770
388 747
434 745
461 745
493 742
581 747
493 744
461 747
433 745
