366 519
364 587
367 653
374 719
394 785
424 847
465 901
516 943
580 957
651 945
721 904
786 858
835 799
864 736
873 670
879 608
883 543
398 492
421 457
463 449
508 456
555 470
626 479
672 458
722 452
774 461
807 498
583 514
580 555
575 596
570 640
528 669
551 677
576 686
604 678
631 670
446 523
469 511
497 512
522 529
493 535
466 532
665 533
691 519
720 517
746 532
720 539
690 539
474 756
509 746
546 741
575 748
604 743
644 749
698 760
644 797
601 810
570 813
538 808
504 790
488 757
545 756
575 761
604 758
683 761
603 785
573 788
542 783
